@a$0@a$1@a$0@a$1@a$0@a$-1@a$-1@a$1@a$0@a$-1@a$-1@a$0@a$1
Ep_summary:5&09$0.97$-82@a$0@a$0@a$1@a$1@a$-1@a$1@a$0@a$1@a$-1@a$-1@a$0@a$0@a$-1@a$0@a$1@a$1@a$0@a$1@a$1@a$0@a$1
Ep_summary:10&09$0.91$-82@a$-1@a$1@a$-1@[-3.8034704 -3.6037867 -1.262002 ]$1@[ 2.6507714  3.8757503 17.263214 ]$1@a$-1@a$0@a$1@a$-1@a$0@a$-1@a$0@a$0
Ep_summary:15&21$0.84$-70@a$-1@a$-1@a$0@a$-1@a$0@a$0@[-12.798671 -19.518478 -45.789177]$-1
Ep_summary:20&08$0.8$-83@a$-1@a$-1@a$0@a$-1@a$-1@[-31.317762 -41.368988 -82.735756]$-1
Ep_summary:25&09$0.75$-82@a$1@a$0@a$0@a$0@a$1@a$1@[ 12.764563  11.392738 -10.858203]$-1@a$-1@[21.909866 23.086178 20.122782]$0@a$1@a$1@a$-1@a$1@a$1@a$-1@a$1@[  3.547344 -13.163278 -64.58757 ]$-1@a$-1@a$-1
Ep_summary:30&21$0.7$-70@a$-1@a$0@a$0@[ 3.1419384 11.365586  11.658095 ]$1@a$-1@[ 0.14025337  7.553525   10.398211  ]$1@[ 0.38947856  8.487995   13.671462  ]$1@a$0@a$-1@a$0@a$1@a$1@a$0
Ep_summary:35&09$0.66$-82@a$-1@a$-1@a$-1@a$1@a$0@[-15.348871    4.556654   -8.0927925]$0@a$-1@[ 16.155788 -34.147198 -53.71867 ]$-1
Ep_summary:40&09$0.63$-82@[-10.651038 -31.96814  -25.075764]$-1@a$-1@a$0@[-14.208415     1.5225621   -0.11145031]$0@[-18.806767   -1.4810767  -5.46571  ]$0@a$-1@a$1@a$0
Ep_summary:45&09$0.6$-82@[-24.948328 -33.887722 -44.927357]$-1@[1.4388002 2.0535698 2.79359  ]$1@[1.6344616 2.2957053 3.9603946]$1@[0.29598296 4.687      6.4746075 ]$1@[3.8095958 8.257328  8.421158 ]$1@a$-1@[ 6.8043547 10.771939   9.326078 ]$0@a$0@[3.7051    4.2641196 5.6073422]$1@[1.4774019 2.8538532 3.4264948]$1@[ 0.19389808 -1.7138281  -4.3050985 ]$-1@[0.44084573 0.9366082  2.3505113 ]$1@a$-1@a$0@[-14.749714 -17.570707 -33.362835]$-1@a$1@a$-1@a$-1@a$-1@[-17.833427 -33.731804 -59.552402]$-1@a$-1
Ep_summary:50&09$0.55$-82@a$0@[ 6.4403296  6.878966  10.543043 ]$1@[11.765867  9.547697 12.104961]$1@[11.183001  9.796791 10.149803]$-1@a$-1@[5.19516  7.940462 9.02183 ]$1@[8.754338 9.835015 7.689322]$0@a$0@[5.1417246 5.398694  2.3113403]$0@[4.3859673 4.705411  4.5587196]$0@a$0@a$0@a$0@a$1@a$0@a$-1@a$1@[-12.417585   -2.1374707  -2.931814 ]$0@a$0@a$1@[-22.371634 -35.703903 -63.866756]$-1
Ep_summary:55&21$0.5$-70@a$0@[10.623732 13.678618 11.706619]$0@[10.845648 13.045216 12.131466]$0@[5.061115  5.812166  2.5294733]$0@a$-1@a$-1@a$-1@[-42.34148  -41.562836 -47.056335]$0@[-28.959097 -42.132366 -38.978104]$-1
Ep_summary:60&13$0.47$-78@a$1@[10.676258 10.378154  8.610559]$-1@[5.451042  9.0613985 6.0197263]$0@[4.5000606 6.396786  4.1736712]$0@a$0@a$0@a$0@[-5.8521867 -2.2678382 -1.2330344]$1@a$-1@a$-1@a$1@[-21.786404 -37.254757 -52.80143 ]$-1@a$0
Ep_summary:65&21$0.43$-70@a$1@a$0@[15.264049  13.7299185 13.484243 ]$-1@[12.124159    0.77563465 14.048285  ]$1@[12.427956   2.8628416 14.552612 ]$1@[17.998964 11.238276 15.087473]$-1@a$0@a$-1@a$1@[6.3219633 6.254626  8.363777 ]$1@a$0@[-2.707528   1.3952161  4.954818 ]$1@[-0.3730262  2.9344354  2.3150222]$0@[1.2335733 4.496571  2.1439762]$0@[0.26583886 4.4592867  2.6420884 ]$0@a$-1@[-15.455257   -6.014339   -7.4406962]$0@a$-1@a$1@a$-1@a$1
Ep_summary:70&21$0.39$-70@[-36.177372 -38.74091  -45.19777 ]$-1@[1.8757825 4.350714  6.200629 ]$1@[1.2513176 4.0874515 1.2636423]$0@a$-1@a$-1@[-22.604006   -8.046901   -3.3682146]$1@[-14.6731205   -5.3350754   -0.45212758]$1@[-28.051268 -23.638609 -20.87995 ]$1@[0.64863336 1.8297168  0.549433  ]$0@[1.2479721 5.539608  5.351886 ]$0@a$0@a$0@[ -7.749978 -31.92965  -13.801294]$-1
Ep_summary:75&20$0.36$-71@a$0@[6.1291375 7.395237  9.56242  ]$1@[2.4669266 4.5563188 2.6272352]$0@a$1@a$0@[3.2928104 2.4837575 2.3641777]$-1@[0.11829686 0.40324116 0.8498319 ]$1@a$0@a$1@[ 1.8919208 -3.637251  -5.4127984]$-1@a$-1@a$-1@[-14.393943   -7.4769964  -2.4925756]$1@[-14.439254  -5.409923  -5.629578]$0@[-19.702171  -5.122372  -8.653122]$0@[-20.859407  -3.621985  -8.79006 ]$0@[-18.682817  -2.80024   -7.354885]$0@[-17.567026   -3.4227169  -6.5474524]$0@a$-1@[-30.745752  -9.514216 -25.568586]$0@[-34.22966    -7.1991234 -23.462797 ]$0@[-34.952026   -4.3662653 -19.562136 ]$0@[-30.302462   -1.0819134 -14.544507 ]$0@[-39.654163  -7.466098 -29.116869]$0@[-37.716026  -8.170889 -28.5976  ]$0
Ep_summary:80&21$0.33$-70@[-28.713318 -32.874207 -33.9887  ]$-1@a$0@[ 7.693074  9.46294  11.046209]$1@[8.950362 9.226307 7.084242]$0@a$-1@[-8.167969  -3.3781195 -1.6696756]$1@[-1.1455351  1.3048979  2.3698852]$1@[ 3.6311    10.082771   4.3577905]$0@[ 1.5211508 11.594235   0.8944537]$0@[-0.16160631  7.3006268   4.5887365 ]$0@[-9.65448    0.619874   3.7188904]$1@[-15.597954 -18.943699 -10.932588]$1@[-7.386672   -0.31278467 -0.79714894]$0
Ep_summary:85&19$0.3$-72@[-33.665867 -28.900608 -36.051   ]$0@[2.2283967 6.8177924 3.7248628]$0@[6.3766866 8.248123  6.186717 ]$0@[4.8858685 6.758156  3.0243158]$0@[4.069616  4.230008  4.0203533]$0@a$-1@[-7.849013  -3.3064759 -0.8019765]$1@a$0@[-12.356972   -9.846137   -7.0994234]$1@a$-1@a$1@[-22.200418 -39.295155 -32.22408 ]$-1@[-24.57479  -45.93228  -37.439476]$-1
Ep_summary:90&21$0.27$-70@[-32.55575  -45.319653 -61.11749 ]$-1@[-0.7540953  2.560052   8.000783 ]$1@a$0@a$-1@[-4.606354   -0.09564221  7.974178  ]$1@[ 0.9505019  7.014859  11.4585705]$1@[2.434885  5.8949375 6.545827 ]$1@a$1@[7.6500463 9.842715  4.967779 ]$0@a$1@[9.859199  7.92994   0.4333238]$-1@a$1@[-0.33502758  1.139334   -0.22860122]$0@a$0@a$1@[-12.333629 -15.239873 -20.7047  ]$-1@[-15.285838 -19.16106  -28.437607]$-1@[-21.558558 -20.935904 -29.807972]$0
Ep_summary:95&21$0.25$-70@[-16.745382 -21.261415 -31.65802 ]$-1@[ 4.197749  2.95895  10.484424]$1@[ 6.872258  7.465124 11.929662]$1@[10.228596  10.850222  12.2240095]$1@[7.4543138 9.738954  8.49245  ]$0@[3.637043  8.393697  6.4912357]$0@[ 1.6122438  3.568994  -0.5132076]$0@[ 6.871497 10.385908  9.546677]$0@a$0@[7.0840807 7.5134096 2.9089167]$0@[ 1.4973915  2.9430437 -2.5559442]$0@[1.5517077 2.035544  1.9956398]$0@[-0.49207437  0.5342858   0.05194241]$0@a$0@[ 4.1397905 -0.8482852 -2.3853614]$-1@a$1@a$0@a$0@[ -2.6991086  -3.3420002 -17.795053 ]$-1@[ -8.129462 -10.613671 -28.380562]$-1@[-14.036391   -7.5577173 -20.670341 ]$0
Ep_summary:100&21$0.23$-70@[-34.6133   -28.563412 -30.526907]$0@[ 5.5141444 11.852724  11.454637 ]$0@[ 6.7286677 10.370567   9.252742 ]$0@[0.00905967 3.9523995  6.2873745 ]$1@a$0@[10.515111 17.203022 12.814165]$0@[ 8.260485 12.335694  9.585878]$0@[ 7.2361403 14.050564   9.495061 ]$0@[-2.484735   -0.94768906  1.7699194 ]$1@a$-1@[-3.6560764 -1.073242   3.091649 ]$1@a$1@[2.089522  0.744439  0.5793859]$-1@[1.7533712 1.5928595 1.7159421]$-1@[-9.016159   -9.027024   -0.13713664]$1@a$-1@[-14.017789 -11.443954  -5.258971]$1@[-9.854816 -8.014404 -8.579471]$0@a$0@[-25.62043  -30.868332 -31.311428]$-1@[-26.03753  -19.841682 -20.842884]$0@[-29.65785  -21.59188  -22.618704]$0
Ep_summary:105&21$0.21$-70@[-17.597076 -27.277256 -23.709257]$-1@a$-1@a$0@a$-1@[-38.823532 -25.101704 -19.14475 ]$1@[-50.443687 -29.760683 -32.27727 ]$0@[-48.208786 -26.19169  -36.308327]$0@[-11.297516 -36.006092 -15.617582]$-1
Ep_summary:110&21$0.19$-70@[-32.948288 -24.291296 -31.735825]$0@[4.447629  5.0701046 6.2994285]$1@[4.4195633 6.204465  1.8518575]$0@[4.2514753 8.623891  4.1505733]$0@a$0@[3.4228444 2.4157143 2.045204 ]$-1@[-6.4587297 -3.22569   -3.319631 ]$0@[-3.3937054  -0.36500168  1.849257  ]$1@[5.2390656 4.801956  3.3785727]$-1@[-2.2849674   0.44504285  2.4385834 ]$1@[2.6846852 4.3487406 3.982388 ]$0@[-7.0384164 -7.871567  -1.6164246]$1@[1.1606939 3.9616828 3.971168 ]$1@[1.2543586  4.6128473  0.49562728]$0@[-3.397256   0.7857734 -2.9084435]$0@[-6.6298776 -3.0674365 -6.302032 ]$0@[-10.375742   -7.3223076 -12.524662 ]$0@[-15.835546 -12.699402 -21.01057 ]$0@a$-1@[-31.424055 -31.308884 -45.790253]$0@[-33.535786 -32.705498 -46.268433]$0
Ep_summary:115&21$0.17$-70@[-24.02951  -15.647112 -22.756485]$0@[ 6.3357644 11.128922   8.678063 ]$0@[ 3.042647 10.343584  9.516583]$0@[-0.63764215  8.736196    9.759165  ]$1@[3.1266568 9.26886   8.797388 ]$0@[3.1827517 8.457702  8.866371 ]$1@[-0.01507258  4.612569    1.4384378 ]$0